[gd_scene load_steps=9 format=3]

[ext_resource type="PackedScene" uid="uid://crodidp0hdfyb" path="res://Assets/Models/plant_big_leaf/plant_big_leaf_5.glb" id="1_ryrsr"]
[ext_resource type="Material" uid="uid://d2bmg1o84tm0x" path="res://Assets/Materials/Plants/plant_big_leaf.tres" id="2_g5yop"]

[sub_resource type="BoxShape3D" id="BoxShape3D_5m0g5"]
size = Vector3(1, 0.0297414, 0.623458)

[sub_resource type="BoxShape3D" id="BoxShape3D_6yuad"]
size = Vector3(1, 0.0321597, 0.576534)

[sub_resource type="BoxShape3D" id="BoxShape3D_4ua1r"]
size = Vector3(1, 0.0352531, 0.673204)

[sub_resource type="BoxShape3D" id="BoxShape3D_25261"]
size = Vector3(0.831259, 0.0188789, 0.625659)

[sub_resource type="BoxShape3D" id="BoxShape3D_whuce"]
size = Vector3(0.73759, 0.0183648, 0.514209)

[sub_resource type="BoxShape3D" id="BoxShape3D_kxt4r"]
size = Vector3(0.528236, 0.00602714, 0.342847)

[node name="plant_big_leaf_5" instance=ExtResource("1_ryrsr")]

[node name="plant_big_leaf_52" parent="." index="0"]
surface_material_override/0 = ExtResource("2_g5yop")

[node name="StaticBody3D" type="StaticBody3D" parent="." index="1"]
collision_layer = 129
collision_mask = 129

[node name="CollisionShape3D" type="CollisionShape3D" parent="StaticBody3D" index="0"]
transform = Transform3D(0.873676, 0.461304, 0.154562, -0.220866, 0.659155, -0.718841, -0.433485, 0.593896, 0.677774, -0.0339866, 0.269717, -0.259066)
shape = SubResource("BoxShape3D_5m0g5")

[node name="CollisionShape3D2" type="CollisionShape3D" parent="StaticBody3D" index="1"]
transform = Transform3D(0.80589, 0.0315313, 0.591225, -0.2494, 0.923742, 0.290688, -0.536974, -0.381714, 0.752299, -0.30825, 0.435768, -0.704249)
shape = SubResource("BoxShape3D_6yuad")

[node name="CollisionShape3D3" type="CollisionShape3D" parent="StaticBody3D" index="2"]
transform = Transform3D(0.988235, 0.124298, -0.0891184, -0.108192, 0.979987, 0.167096, 0.108104, -0.155488, 0.981905, -0.0590586, 0.47868, 0.323345)
shape = SubResource("BoxShape3D_4ua1r")

[node name="CollisionShape3D4" type="CollisionShape3D" parent="StaticBody3D" index="3"]
transform = Transform3D(0.989918, 0.0981536, -0.102121, -0.125329, 0.942888, -0.308633, 0.0659951, 0.31832, 0.945683, -0.054138, 0.428822, 0.967231)
shape = SubResource("BoxShape3D_25261")

[node name="CollisionShape3D5" type="CollisionShape3D" parent="StaticBody3D" index="4"]
transform = Transform3D(0.680907, 0.271113, 0.680341, 0.208545, 0.818724, -0.534977, -0.70205, 0.506151, 0.500936, -0.233953, 0.874682, 0.141773)
shape = SubResource("BoxShape3D_whuce")

[node name="CollisionShape3D6" type="CollisionShape3D" parent="StaticBody3D" index="5"]
transform = Transform3D(0.733028, 0.0936747, 0.673717, 0.201987, 0.915816, -0.347105, -0.649516, 0.39052, 0.652398, -0.511474, 1.07547, -0.135263)
shape = SubResource("BoxShape3D_kxt4r")
