[gd_scene load_steps=16 format=3 uid="uid://dxjhrt74eolqk"]

[ext_resource type="PackedScene" uid="uid://cxa15rf6iqkgu" path="res://Levels/Levelbuilding/intro_room/god_ray_1.glb" id="1_52duq"]
[ext_resource type="PackedScene" uid="uid://8n2brnoaiqkf" path="res://Levels/Levelbuilding/intro_room/god_ray_2.glb" id="2_kwd84"]
[ext_resource type="PackedScene" uid="uid://b81c6iokuc5q6" path="res://Levels/Levelbuilding/intro_room/curtain_2.glb" id="3_r7wfw"]
[ext_resource type="PackedScene" uid="uid://bud6tm8hai0rf" path="res://Levels/Levelbuilding/intro_room/table_root.glb" id="4_11vv0"]
[ext_resource type="PackedScene" uid="uid://dsh4k6ryev0nn" path="res://Levels/Levelbuilding/intro_room/table_plate.glb" id="5_36jwb"]
[ext_resource type="PackedScene" uid="uid://dmusbsmlvh4hd" path="res://Levels/Levelbuilding/intro_room/curtain_1.glb" id="6_8w0rk"]
[ext_resource type="PackedScene" uid="uid://dpg8mcxd3n6jq" path="res://Levels/Levelbuilding/intro_room/chair.glb" id="7_6cdab"]
[ext_resource type="PackedScene" uid="uid://slk8tn65bnt8" path="res://Levels/Levelbuilding/intro_room/chest.glb" id="8_nxd57"]
[ext_resource type="PackedScene" uid="uid://bua5tv7qhb2si" path="res://Levels/Levelbuilding/intro_room/rug.glb" id="9_adpdq"]
[ext_resource type="PackedScene" uid="uid://djy1gyytbnnan" path="res://Levels/Levelbuilding/intro_room/room.glb" id="10_2owhs"]
[ext_resource type="PackedScene" uid="uid://dl8qnay2l2r35" path="res://Levels/Levelbuilding/intro_room/leaf_meshes/leaf_1.glb" id="11_656cr"]

[sub_resource type="Curve3D" id="Curve3D_8l75m"]
_data = {
"points": PackedVector3Array(0, 0, 0, 0, 0, 0, 5.71725, 2.00874, -0.396565, 1.83334, -0.0114632, -1.07307, -1.83334, 0.0114632, 1.07307, 3.61254, 1.01925, -1.11446, 0.587658, -0.12812, -0.827962, -0.220039, -0.0270625, 0.929523, 1.38671, -0.528381, 1.14021, 1.23684, 0.0495665, 0.327261, -0.298016, 0.047953, -0.0744207, 0.837422, -0.812068, 1.81262, 0, 0, 0, 0, 0, 0, 0.0621727, -0.773068, 1.50384),
"tilts": PackedFloat32Array(0, 0, 0, 0, 0)
}
point_count = 5

[sub_resource type="Animation" id="Animation_r53qx"]
resource_name = "story_leaf_1"
length = 5.0
step = 1.0
tracks/0/type = "value"
tracks/0/imported = false
tracks/0/enabled = true
tracks/0/path = NodePath("Path3D/PathFollow3D:progress_ratio")
tracks/0/interp = 2
tracks/0/loop_wrap = true
tracks/0/keys = {
"times": PackedFloat32Array(0, 5),
"transitions": PackedFloat32Array(1, 1),
"update": 0,
"values": [0.0, 1.0]
}

[sub_resource type="Animation" id="Animation_omtlh"]
length = 0.001

[sub_resource type="AnimationLibrary" id="AnimationLibrary_dwdj4"]
_data = {
"RESET": SubResource("Animation_omtlh"),
"story_leaf_1": SubResource("Animation_r53qx")
}

[node name="StoryRoom" type="Node3D"]

[node name="god_ray_1" parent="." instance=ExtResource("1_52duq")]
transform = Transform3D(0.999095, 0, -0.0425383, 0.0024168, 0.998385, 0.0567633, 0.0424696, -0.0568148, 0.997481, -1.94462, 0.417264, -0.462204)

[node name="god_ray_2" parent="." instance=ExtResource("2_kwd84")]
transform = Transform3D(1, 0, 0, 0, 0.995443, 0.0953593, 0, -0.0953593, 0.995443, 2.73575, 1.29014, -0.44716)

[node name="curtain_2" parent="." instance=ExtResource("3_r7wfw")]
transform = Transform3D(0.95412, 0, -0.299423, 0, 1, 0, 0.299423, 0, 0.95412, 4.47685, 0.538582, 1.19047)

[node name="table_root" parent="." instance=ExtResource("4_11vv0")]
transform = Transform3D(1, 0, 0, 0, 1, 0, 0, 0, 1, 0.502441, -0.23489, -0.277493)

[node name="table_plate" parent="." instance=ExtResource("5_36jwb")]
transform = Transform3D(1.21862, 0, 0, 0, 1.21862, 0, 0, 0, 1.21862, 0.421903, -1.0017, 0.650273)

[node name="curtain_1" parent="." instance=ExtResource("6_8w0rk")]
transform = Transform3D(0.80631, 0, 0.591493, 0, 1, 0, -0.591493, 0, 0.80631, -3.703, 0.479738, 1.20769)

[node name="chair" parent="." instance=ExtResource("7_6cdab")]
transform = Transform3D(1, 0, 0, 0, 1, 0, 0, 0, 1, 3, -1.5861, 3.65277)

[node name="chest" parent="." instance=ExtResource("8_nxd57")]
transform = Transform3D(1, 0, 0, 0, 1, 0, 0, 0, 1, -2.67551, -1.53103, 1.26064)

[node name="rug" parent="." instance=ExtResource("9_adpdq")]
transform = Transform3D(1, 0, 0, 0, 1, 0, 0, 0, 1, -2.74994, -1.86378, 4.11102)

[node name="room" parent="." instance=ExtResource("10_2owhs")]
transform = Transform3D(1, 0, 0, 0, 1, 0, 0, 0, 1, 0.581733, 0, 0)

[node name="Path3D" type="Path3D" parent="."]
curve = SubResource("Curve3D_8l75m")

[node name="PathFollow3D" type="PathFollow3D" parent="Path3D"]
transform = Transform3D(0.499458, -0.146632, -0.853773, 0.190363, 0.979999, -0.0569451, 0.845071, -0.134094, 0.517429, 3.41327, 1.01347, -0.995852)
progress = 3.20391
loop = false

[node name="leaf_1" parent="Path3D/PathFollow3D" instance=ExtResource("11_656cr")]
transform = Transform3D(-5.45289e-06, 0.00711928, 0.0239649, -0.000128112, 0.0239646, -0.00711922, -0.0249997, -0.000124361, 3.12561e-05, 0, 0, 0)

[node name="StoryPlayer" type="AnimationPlayer" parent="."]
libraries = {
"": SubResource("AnimationLibrary_dwdj4")
}

[node name="CameraTrack" type="AnimationPlayer" parent="."]

[node name="Camera3D" type="Camera3D" parent="."]
transform = Transform3D(1, 0, 0, 0, 1, 0, 0, 0, 1, 0, 0, 6.85467)
current = true
